100648598
100648802
100648830
100648915
100648984
100649040
100644102
100644648
100643974
100643946
100651212
100651469
100646087
100637151
100633200
100636362
100652866
100653403
100653351
100637175
100648645
100649503
100646120
100646153
100649633
100648981
100640893
100652898
100651130
100648593
100634859
100643328
100651397
100651304
100650707
100651913
100650795
100647712
100646782
100647336
100647407
100647597
100647885
100648235
100648503
100648582
100648611
100648634
100648706
100648717
100648728
100648752
100648763
100648768
100645485
100642618
100642609
100642596
100642311
100642309
100642684
100642302
100650174
100650220
100650702
100652686
100649558
100649574
100649853
100649924
100650144
100650156
100652935
100653104
100653275
100653327
100647924
100645940
100646722
100647125
100649196
100645575
100649260
100645864
100645933
100650844
100651081
100651099
100650338
100649202
100642301
100642630
100650633
100649537
100647825
100649524
100649821
100649879
100647563
100638339
100647230
100648595
100648597
100648574
100648724
100648735
100648940
100650060
100649965
100645708
100648244
100646609
100648892
100642763
100643494
100643718
100643789
100643866
100644566
100649646
100651344
100647745
100644052
100637136
100651950
100610556
100580685
100602583
100607280
100627424
100653527
100653561
100653362
100651404
100653019
100652267
100651934
100647973
100651032
100648049
100648337
100650316
100523272
100523274
100523268
100523266
100620523
100586036
100650266
100651194
100650992
100651054
100421092
100648319
100647914
100647785
100647948
100646712
100644843
100647482
100620339
100647467
100647113
100647228
100646585
100644736
100645537
100646114
100591114
100646007
100646080
100645322
100645398
100645428
100647710
100647427
100646483
100647915
100650824
100649553
100652773
100652800
100651836
100648402
100653416
100652960
100650231
100642153
100640840
100638253
100606972
100598728
100650683
100651104
100651017
100650498
100650512
100649705
100646478
100646911
100646600
100645335
100645067
100651276
100647698
100647226
100646997
100647561
100647243
100646812
100647627
100647605
100647575
100651880
100647416
100648976
100647384
100649597
100648796
100642745
100643210
100643277
100647672
100649571
100649087
100649314
100648739
100646905
100646147
100638980
100645448
100651247
100651265
100646872
100645972
100645359
100645366
100645495
100646821
100646891
100647068
100642603
100642716
100642813
100642988
100643203
100643267
100643299
100643352
100643481
100643512
100643761
100643811
100643915
100650261
100650444
100650488
100650617
100650677
100650696
100650720
100650742
100651048
100651215
100645906
100645056
100645263
100650639
100650689
100645821
100645962
100632202
100434016
100596285
100649064
100649245
100648788
100642145
100645303
100623051
100647190
100647533
100645338
100647383
100647878
100487752
100645365
100643431
100644095
100644128
100644588
100651678
100648619
100647866
100642106
100642333
100642505
100642620
100645828
100653184
100653145
100653096
100652743
100652663
100652455
100651792
100649863
100648525
100648382
100648334
100647782
100647857
100646661
100645330
100645379
100646038
100647926
100647980
100646058
100591977
100538595
100541477
100541078
100616921
100571857
100643875
100645223
100292320
100451858
100121507
100369602
100373213
100653785
100445550
100652179
100652418
100644672
100644911
100644977
100644706
100644937
100645310
100646137
100646463
100646790
100652703
100653458
100646308
100645413
100651337
100651898
100642704
100649138
100649186
100649192
100649276
100649214
100647521
100647662
100647907
100647931
100645546
100383026
100651270
100651280
100644067
100646555
100646680
100468828
100651905
100651970
100653557
100653438
100645144
100646009
100645091
100608327
100653345
100649167
100651177
100650797
100648411
100646451
100645981
100646097
100650010
100643612
100331501
100403240
100516829
100487878
100418415
100502337
100302462
100490875
100277682
100623555
100479778
100329894
100638697
100650507
100650565
100650718
100650127
100650137
100641468
100647422
100645503
100649266
100651847
100648745
100649048
100649179
100648921
100648568
100648816
100648799
100639718
100653465
100653358
100653407
100653365
100653257
100653499
100653529
100653323
100653464
100653219
100652777
100652740
100652678
100652626
100652745
100652826
100652369
100652066
100652121
100652467
100652139
100652434
100652346
100652075
100652044
100651937
100652046
100651987
100651484
100651806
100651481
100651830
100651804
100651876
100651890
100651873
100651858
100651502
100651825
100651732
100651332
100651297
100651301
100651157
100651142
100651259
100651015
100651024
100651008
100650830
100650931
100650869
100650826
100650806
100651005
100650935
100650879
100650989
100650894
100650191
100647890
100650379
100650416
100649610
100637435
100650237
100650811
100322215
100626683
100649866
100650133
100650047
100650063
100650129
100118850
100649776
100649373
100649703
100647048
100649095
100649687
100623038
100623034
100649601
100648142
100648155
100645647
100644661
100645593
100638754
100080339
100635560
100648026
100646228
100646947
100641221
100641290
100641308
100641447
100641671
100641862
100642002
100645532
100641724
100652168
100652271
100652409
100652447
100652788
100652817
100651594
100643123
100648231
100650998
100649122
100646327
100647006
100642744
100646430
100643122
100644703
100646400
100646751
100646915
100646976
100644616
100644772
100652869
100652682
100652943
100484189
100440644
100439552
100649003
100640865
100641085
100648135
100648564
100652406
100649100
100648994
100645518
100643321
100646171
100623401
100646291
100480192
100583270
100652020
100652086
100642914
100646112
100425363
100647087
100647774
100648081
100647132
100646020
100647799
100646446
100645959
100645974
100645742
100643943
100645186
100643472
100575893
100576137
100644750
100639276
100646193
100536533
100653367
100396593
100399829
100653710
100607453
100646178
100646337
100646409
100645445
100597501
100646910
100648178
100637788
100645026
100650610
100650555
100650596
100648526
100648321
100653462
100653011
100653254
100651286
100651420
100651296
100649885
100650213
100650423
100649475
100648031
100647816
100647481
100647025
100646388
100646004
100643981
100588252
100625054
100651962
100648331
100641056
100645081
100647237
100647232
100648562
100644621
100653757
100650015
100644179
100644216
100642546
100642544
100609098
100653298
100643756
100641943
100642271
100634682
100614176
100486355
100643061
100651636
100653014
100652571
100653142
100652523
100487321
100274550
100277112
100278086
100650052
100649311
100646595
100646656
100645386
100645469
100651372
100507517
100470044
100463677
100649661
100493325
100597715
100634090
100648357
100651467
100651772
100652218
100651703
100641982
100651159
100651850
100647344
100650279
100646965
100646770
100645511
100645337
100630815
100647235
100646990
100651976
100651992
100650250
100650430
100650455
100650515
100650787
100651027
100651073
100651242
100648864
100649151
100649403
100632207
100633913
100631223
100634641
100625794
100627735
100642556
100638679
100646756
100646760
100645474
100646778
100648778
100648807
100648883
100648968
100651779
100651803
100649562
100648059
100645384
100649697
100648688
100641193
100650986
100651254
100651613
100651795
100651862
100624448
100624496
100629110
100651687
100649739
100649461
100645483
100451924
100650547
100648691
100643335
100640672
100651542
100649193
100462467
100574227
100314192
100507768
100648791
100652727
100648784
100650814
100647572
100646889
100646444
100643042
100646164
100588864
100640587
100637268
100640074
100640272
100640286
100640433
100640573
100640781
100479135
100609170
100646201
100408133
100650468
100646317
100646260
100645631
100644328
100653720
100643127
100652655
100646359
100587513
100585370
100587606
100634231
100487724
100649543
100645169
100648179
100648259
100648493
100651659
100651809
100653136
100648474
100646765
100645843
100645355
100644733
100633850
100642579
100058134
100286994
100626769
100451702
100451168
100647859
100647474
100646804
100644788
100640311
100641484
100642709
100643880
100645929
100639366
100646861
100646832
100646886
100647057
100651763
100647978
100647999
100645711
100593212
100650759
100602245
100649889
100650006
100645327
100642687
100653302
100652913
100649936
100648074
100645651
100647549
100644655
100646294
100570652
100607664
100610320
100629425
100534117
100649792
100653724
100651335
100651311
100633887
100648630
100643642
100644899
100625204
100645268
100647063
100643666
100646265
100602626
100649250
100647870
100648999
100645261
100645205
100645258
100644693
100646031
100458135
100649635
100651920
100647976
100647970
100643650
100646361
100646466
100644765
100644926
100650332
100653799
100653765
100653244
100653449
100650527
100652586
100651801
100574256
100415386
100652875
100651411
100491383
100652825
100652392
100652684
100639505
100651232
100651966
100515030
100651669
100648007
100601983
100648048
100651413
100650801
100628693
100477112
100650283
100650056
100649477
100648925
100647940
100305933
100474808
100651438
100649569
100651046
100573821
100481402
100628597
100628647
100624973
100650858
100647962
100150908
100650673
100650630
100644735
100359249
100648628
100565224
100324153
100440649
100061071
100558064
100649917
100650141
100650207
100621175
100641908
100649949
100638432
100647806
100649386
100649803
100617839
100649521
100553667
100631690
100649241
100460797
100649114
100648889
100648930
100647424
100648759
100648904
100648557
100555293
100648766
100483860
100647060
100648087
100594950
100647369
100648251
100648522
100584624
100644250
100647414
100486154
100568977
100634092
100647530
100647441
100647391
100647394
100646919
100644739
100647246
100647174
100364206
100646925
100578956
100588772
100533722
100645378
100646343
100628954
100626557
100646149
100646311
100646321
100646017
100645856
100617247
100644660
100646082
100645387
100645925
100641727
100645903
100645854
100645697
100645451
100645439
100643738
100644630
100342127
100472357
100131389
100645282
100645184
100645446
100645278
100645252
100645142
100642844
100618704
100644748
100641384
100603404
100643775
100643264
100643893
100644024
100610207
100643850
100462537
100645716
100637403
100641965
100645826
100652891
100651917
100645455
100193130
100646754
100645699
100556368
100637102
100637568
100641066
100642789
100652911
100650782
100487086
100392443
100496475
100485678
100652365
100651676
100652883
100651547
100522145
100529918
100651713
100475097
100648011
100649741
100480984
100645656
100649205
100649984
100651626
100652767
100649191
100645435
100644562
100627835
100651902
100577767
100652299
100651827
100650350
100648886
100648279
100644612
100647340
100598171
100647509
100647435
100647537
100647103
100635868
100644578
100650228
100639492
100649070
100648491
100648572
100653308
100653335
100604567
100648453
100652673
100643660
100615475
100642265
100652070
100648380
100648391
100623792
100649581
100653597
100652144
100645389
100653606
100633311
100644619
100626767
100648223
100633116
100641426
100645442
100597166
100651402
100651126
100576606
100649518
100646877
100646575
100646117
100649707
100603376
100645328
100641574
100645530
100644773
100653589
100649874
100647670
100646594
100648225
100428450
100648576
100648022
100647102
100646345
100646301
100610773
100645527
100581905
100644435
100649540
100623624
100652962
100652096
100650876
100645889
100648063
100649032
100648909
100644617
100648470
100648385
100645478
100634733
100634825
100635150
100635184
100635225
100635562
100635650
100635670
100635694
100635719
100635760
100635800
100635857
100636044
100636179
100636247
100636396
100636529
100636576
100636724
100637013
100637028
100637046
100637078
100637326
100637451
100637536
100637545
100637806
100637989
100638023
100638037
100638334
100638502
100638549
100638847
100639218
100639278
100639414
100639542
100639789
100639812
100639882
100649548
100650085
100650151
100650164
100650727
100653318
100634843
100576297
100404884
100548345
100647488
100574464
100653617
100647439
100651307
100516501
100652196
100649715
100623868
100650473
100649198
100640255
100646348
100636719
100645320
100644851
100605354
100651441
100645655
100653532
100649533
100653759
100648948
100646076
100469901
100489004
100492057
100653267
100644627
100633478
100608413
100580791
100646515
100641301
100641379
100641568
100641856
100641991
100642085
100642170
100642391
100622841
100593121
100602458
100646637
100645133
100651136
100650067
100649476
100646695
100646711
100646728
100647737
100645978
100645047
100652804
100651745
100651442
100649188
100649620
100649614
100645540
100645131
100641370
100578535
100648820
100648912
100639871
100633352
100652130
100646404
100648523
100649490
100638661
100453798
100613215
100495681
100643701
100643680
100648366
100645784
100631587
100631777
100631815
100631842
100631904
100497349
100643860
100505300
100645309
100642432
100501905
100645059
100633811
100635216
100635853
100635909
100504175
100609722
100639075
100596420
100461394
100650452
100647772
100647580
100647109
100618372
100637962
100649668
100653446
100652545
100645432
100633505
100608929
100633983
100639316
100639312
100639349
100620305
100650004
100649292
100652176
100648095
100646952
100653109
100652841
100650334
100651053
100631592
100637541
100637562
100637831
100638015
100638032
100638306
100638488
100638521
100638609
100639177
100639264
100639321
100639531
100639602
100639797
100639865
100639981
100640085
100640279
100640355
100640492
100640772
100640796
100640878
100641101
100641225
100645094
100651324
100436115
100414674
100563300
100398123
100563018
100645740
100603506
100646280
100650945
100650701
100643125
100643131
100645658
100649147
100641444
100643605
100647659
100642830
100644576
100487696
100191529
100588713
100437258
100119052
100632544
100487408
100479091
100112500
100247298
100644614
100514097
100649190
100630046
100651308
100652471
100648907
100649094
100557887
100578184
100617378
100645381
100649330
100646504
100646173
100646743
100649347
100645018
100644134
100617840
100470354
100489529
100491186
100492637
100500251
100503384
100599895
100550702
100637868
100630775
100649929
100652011
100646065
100644593
100646141
100651817
100602517
100625853
100645805
100623079
100649283
100643677
100588298
100429170
100058055
100597909
100652325
100651410
100517844
100495266
100501569
100504156
100648389
100635902
100635903
100646297
100646375
100646060
100644282
100646006
100652416
100652860
100227791
100613588
100594258
100631475
100641433
100640347
100637338
100412942
100498517
100645702
100649399
100648163
100646078
100648701
100635131
100640236
100584472
100584518
100596145
100596169
100607779
100608028
100608065
100635699
100635726
100635771
100635818
100636026
100636154
100636224
100636317
100636523
100636543
100636592
100636733
100637021
100637042
100637059
100646735
100649500
100649112
100649367
100652895
100594151
100653093
100653601
100653826
100653763
100653443
100607892
100627227
100653287
100653293
100651343
100651294
100651322
100651405
100651432
100651370
100651409
100651406
100652781
100652639
100517591
100581460
100506311
100492140
100484991
100478343
100393904
100364172
100357860
100354971
100350630
100347817
100345638
100343825
100344980
100341408
100340917
100335266
100334532
100332528
100330795
100327100
100327050
100327039
100322313
100231026
100301797
100652367
100614468
100642908
100561532
100651022
100595606
100650277
100595638
100595640
100595651
100647977
100647960
100647965
100647968
100648004
100648069
100648040
100648029
100472612
100649693
100488567
100484169
100478012
100365594
100348542
100649364
100232702
100087877
100316977
100648742
100619276
100598220
100648667
100647956
100477144
100642014
100578739
100645705
100295433
100563112
100563047
100585415
100611481
100643115
100262506
100595379
100647700
100647833
100647802
100647812
100616782
100621320
100549902
100646869
100643522
100643590
100631102
100624489
100644636
100644699
100641423
100593343
100593344
100295077
100087884
100077984
100228171
100186914
100146163
100141736
100141726
100621688
100608814
100087824
100334463
100058791
100590867
100639318
100561593
100567498
100567465
100595795
100638887
100645098
100644731
100647156
100648616
100641443
100644305
100413516
100067437
100147676
100605461
100605930
100605964
100606046
100606159
100606273
100606442
100606452
100606681
100606776
100606982
100607062
100607230
100607333
100612499
100615946
100620903
100624028
100625284
100635335
100651716
100653740
100646888
100646960
100637055
100643259
100652785
100579775
100651401
100651303
100651299
100651312
100651396
100651341
100651377
100651378
100651317
100651321
100651395
100651407
100651419
100651348
100651363
100651403
100651793
100652262
100648381
100602729
100591342
100612412
100645619
100268825
100444136
100638147
100646489
100650864
100521674
100625959
100644970
100649320
100648640
100637740
100586339
100641439
100626771
100630755
100637025
100641921
100642452
100644801
100449320
100643746
100644785
100642294
100644258
100647961
100644262
100644260
100648643
100631686
100640284
100650726
100652597
100653455
100642711
100645209
100623183
100652737
100652595
100639537
100638652
100648070
100625066
100640147
100602683
100621217
100614354
100647079
100616839
100620192
100652876
100652850
100643418
100623032
100644348
100650375
100645785
100650614
100649872
100598261
100441145
100641984
100652461
100640931
100591820
100649769
100649305
100487675
100487653
100626045
100630664
100636547
100606154
100573148
100227089
100647699
100478096
100623542
100632671
100648399
100624795
100635641
100620877
100642274
100648145
100648401
100646969
100648299
100647695
100643983
100484260
100652017
100084461
100652126
100650660
100647770
100593867
100593982
100613057
100653712
100653247
100623449
100542495
100578853
100385934
100648472
100503962
100645253
100625535
100570403
100629369
100645189
100645801
100649950
100638912
100645720
100616250
100650668
100479805
100627854
100651990
100587973
100604951
100639354
100649612
100648240
100647415
100646369
100582289
100642811
100646281
100639061
100640712
100641548
100644214
100607103
100646406
100645316
100610971
100644633
100613432
100637933
100561892
100623949
100605768
100625589
100635196
100630403
100630837
100630872
100631030
100631112
100631198
100631323
100631337
100631433
100631984
100632109
100632355
100632379
100632474
100632587
100632639
100632713
100632969
100633031
100633315
100633697
100633738
100633777
100633864
100634025
100634217
100634242
100634292
100634418
100634698
100641375
100500172
100642269
100643140
100646189
100645737
100645690
100652328
100643391
100182666
100591657
100259374
100451601
100549760
100595746
100630692
100646896
100646922
100643834
100641141
100650255
100641690
100647002
100652480
100649667
100480045
100652426
100651139
100647582
100622890
100642961
100635275
100638001
100595243
100646914
100647819
100614037
100635921
100640638
100643617
100645550
100644146
100644635
100618794
100587040
100586940
100586876
100508482
100510092
100641789
100640760
100652771
100651360
100648148
100590484
100649085
100632552
100634095
100635883
100653260
100608215
100642598
100649376
100649968
100536285
100643033
100649700
100650206
100643017
100368208
100638910
100638137
100644743
100593936
100597661
100530323
100567514
100611888
100612870
100613556
100614550
100621573
100622213
100651148
100648001
100640400
100650608
100648943
100648946
100646030
100652846
100652886
100650357
100162022
100645776
100646354
100639784
100385437
100652100
100652093
100496904
100501559
100499791
100502020
100503663
100504924
100507643
100508882
100625399
100484431
100474248
100471988
100473412
100485578
100489963
100486544
100487614
100573477
100542228
100562189
100566887
100572772
100626633
100653256
100645817
100639478
100645793
100334362
100264035
100636605
100450283
100480013
100481346
100481366
100573350
100639382
100642128
100642758
100644047
100623422
100651790
100604358
100644611
100644229
100499796
100649142
100645555
100648043
100575636
100644971
100171524
100365677
100388220
100646574
100646583
100645156
100645105
100648517
100649999
100648514
100452141
100592778
100475642
100648749
100443394
100443657
100611102
100624868
100628804
100640233
100602362
100607274
100632536
100633264
100636867
100647158
100645450
100626578
100451751
100632598
100649327
100487394
100641430
100645670
100645571
100645596
100645662
100645682
100514011
100639428
100259168
100623237
100473031
100457709
100653722
100623131
100478862
100650606
100650605
100341925
100597819
100478855
100478848
100651291
100458859
100464840
100470213
100475649
100482078
100486789
100493686
100499708
100651546
100649990
100649995
100478016
100481761
100630658
100651290
100313152
100304812
100511433
100643312
100575200
100628326
100622664
100626015
100626496
100626495
100626711
100621213
100621391
100621406
100621434
100621637
100622597
100626709
100628413
100616013
100616062
100616112
100616208
100616277
100616520
100616567
100616604
100616813
100616870
100616992
100617046
100617091
100617595
100617697
100617732
100617769
100617940
100618374
100618508
100618553
100618679
100618775
100618806
100618950
100619012
100619081
100619216
100619274
100619397
100619510
100619582
100619669
100619866
100619869
100619898
100619994
100620075
100620298
100620442
100620453
100620530
100620558
100620679
100620711
100620936
100620952
100621006
100626493
100626712
100626710
100637653
100640379
100632666
100632771
100633531
100634130
100633130
100636698
100636882
100637472
100637935
100638366
100638703
100641244
100642467
100647207
100650833
100419120
100419592
100419641
100419841
100420506
100421078
100421582
100422254
100422786
100425833
100428644
100432071
100434875
100438462
100441293
100443702
100447026
100450358
100452975
100455902
100462202
100467625
100473052
100478716
100484414
100489089
100496443
100505654
100508873
100514154
100518174
100522367
100527026
100530289
100533274
100536173
100544696
100549196
100552474
100555050
100559015
100561748
100565090
100567690
100570890
100573055
100575997
100578942
100582562
100587153
100591228
100593650
100598373
100602818
100605656
100608376
100611427
100614690
100617401
100620275
100622922
100625059
100627467
100638859
100641774
100651670
100647484
100645456
100645816
100647966
100647967
100648008
100648034
100648005
100648006
100647995
100647989
100647990
100647975
100647987
100647991
100648010
100648017
100648060
100648061
100648020
100648072
100648078
100646616
100644711
100641442
100649791
100619946
100639468
100630935
100642315
100653100
100646612
100644821
100596107
100640262
100636018
100636025
100644720
100642276
100644326
100644608
100605440
100649642
100589227
100181970
100071744
100376680
100605740
100652514
100642802
100582895
100626613
100563678
100639361
100580946
100650549
100646437
100646900
100646364
100645582
100642791
100642662
100643723
100644204
100595440
100644810
100641412
100582708
100643568
100639711
100597001
100443797
100614719
100644322
100653729
100653380
100652191
100586992
100652322
100407514
100366115
100652312
100641435
100652287
100638837
100652200
100652074
100651155
100606001
100617469
100641420
100617145
100651129
100602594
100620503
100617229
100650235
100643752
100645709
100498994
100637885
100649269
100648561
100642157
100464361
100478580
100520908
100529200
100535606
100538752
100578974
100561295
100593266
100584280
100605693
100608120
100608138
100612260
100635908
100532857
100552591
100646963
100646890
100643141
100646959
100642600
100646934
100646868
100643124
100646777
100628798
100641095
100646808
100630231
100633595
100617278
100494703
100626192
100646579
100646569
100630225
100577445
100610244
100624984
100405407
100632013
100646906
100641868
100640376
100645813
100645324
100653461
100649045
100598411
100649299
100649873
100644137
100641904
100567408
100614432
100473516
100499162
100499141
100645137
100644604
100445120
100643545
100643844
100633790
100456056
100111658
100524699
100610225
100653250
100651928
100424825
100416313
100413949
100414117
100413964
100419389
100554393
100321381
100501838
100377620
100417656
100630003
100581964
100424945
100421852
100589783
100573312
100499721
100646303
100646962
100589537
100629770
100629216
100628974
100629430
100538550
100632106
100631947
100538069
100348569
100643863
100633438
100597938
100646116
100464418
100645440
100522125
100640038
100418391
100454336
100608363
100652236
100621846
100653212
100652872
100653180
100653551
100645809
100309099
100647513
100646920
100650552
100648579
100630448
100591406
100650368
100627770
100629985
100647160
100647251
100631366
100636385
100642404
100644625
100649110
100643799
100634523
100636335
100642456
100627373
100642743
100646046
100646096
100554953
100634247
100606427
100653554
100612416
100638601
100639424
100625718
100644170
100647868
100645260
100642115
100621878
100624712
100623093
100596985
100648035
100630747
100642097
100548567
100623027
100623025
100622988
100650716
100651845
100622751
100622713
100622758
100622753
100622774
100622765
100622992
100622772
100579154
100647703
100650436
100640215
100644723
100644714
100644631
100644658
100644654
100645671
100645668
100635329
100651835
100650398
100650409
100649986
100650094
100649370
100649496
100648774
100647793
100647842
100647779
100642407
100642396
100642400
100610402
100641969
100641950
100641948
100645318
100590416
100640646
100644942
100649912
100650244
100619255
100640684
100636452
100636147
100639059
100324761
100642514
100642526
100642525
100598347
100645641
100647882
100636903
100487446
100646566
100450905
100487173
100494997
100494081
100634433
100641885
100644782
100635754
100610569
100321402
100329608
100612411
100600026
100565749
100589188
100588389
100585021
100596175
100597519
100609246
100642626
100631447
100647101
100536906
100495968
100606032
100641481
100641438
100583069
100645924
100647454
100567996
100558393
100560421
100508979
100440718
100652998
100644533
100644903
100641231
100456432
100639292
100566540
100581290
100643759
100589775
100650059
100474708
100475281
100477846
100481579
100482861
100484442
100484722
100484940
100485140
100485594
100488830
100487650
100488806
100488892
100489247
100489982
100491201
100491285
100491515
100506099
100508245
100502279
100639842
100628924
100641151
100578904
100641064
100651894
100378008
100641135
100611365
100651925
100649960
100652307
100649449
100584677
100514408
100590021
100475795
100456129
100589690
100641936
100395503
100528775
100570712
100493310
100514729
100509886
100407677
100504674
100458291
100399468
100475167
100226154
100239151
100240808
100558554
100627753
100506407
100232626
100496260
100373670
100568454
100550486
100595662
100574961
100555582
100561757
100481457
100561618
100504122
100626820
100484142
100564637
100530095
100422735
100500324
100525510
100428991
100648103
100646196
100646524
100555734
100648013
100637963
100646903
100552116
100564676
100582796
100650637
100646022
100636670
100642517
100407477
100638113
100631524
100641491
100651366
100652033
100619605
100464806
100610019
100626813
100627507
100639211
100486878
100630232
100630369
100630275
100443882
100443883
100443859
100444071
100443881
100518125
100538043
100548557
100632793
100383246
100574506
100628508
100553458
100634317
100641395
100644933
100636454
100646917
100504133
100588134
100588237
100588359
100588410
100588487
100588594
100651330
100580916
100631896
100651338
100647402
100631049
100552517
100265891
100285607
100644010
100636813
100598335
100625957
100625962
100636796
100636801
100653025
100646567
100602520
100621330
100637433
100635249
100554756
100567176
100642015
100629590
100630245
100638795
100312784
100087433
100080979
100532955
100565353
100568286
100580821
100522289
100552351
100606763
100617151
100627523
100629931
100629945
100639572
100643576
100636311
100653170
100627725
100646450
100536043
100626756
100650346
100647690
100644613
100643555
100642964
100632244
100641287
100653675
100636810
100639530
100630394
100582665
100610032
100648941
100586635
100588176
100302322
100651511
100361299
100641944
100645693
100648253
100648441
100648228
100646293
100645618
100644727
100633647
100581513
100586385
100647864
100473848
100228278
100506204
100643878
100578573
100626519
100645543
100588499
100651644
100641710
100643389
100652987
100645839
100651982
100652061
100652441
100633052
100432654
100596345
100609264
100634681
100625079
100630699
100648268
100642446
100644193
100644161
100643725
100643672
100644060
100276875
100650671
100280177
100454955
100510169
100603422
100633901
100331655
100403522
100595466
100643430
100645470
100631958
100648704
100652446
100263358
100263364
100263379
100263427
100263441
100263451
100263458
100263464
100263481
100263521
100263540
100263621
100263733
100263735
100263534
100264254
100264307
100264315
100264328
100264339
100264375
100264405
100635863
100585491
100649275
100648914
100562187
100648211
100321799
100621028
100645944
100611665
100551879
100653755
100649047
100560388
100061443
100636383
100641411
100622742
100651314
100580083
100638797
100647795
100645244
100639275
100464480
100192446
100592937
100642212
100631793
100643080
100646632
100595654
100653558
100653378
100653343
100653593
100653372
100653424
100649189
100652596
100652621
100652616
100652877
100652953
100653009
100652950
100652763
100652151
100652154
100652152
100652153
100652681
100652698
100652619
100652478
100652184
100652306
100652303
100652194
100652165
100652195
100652193
100652189
100651855
100651941
100651854
100651887
100651288
100651289
100651369
100651309
100651020
100651145
100651198
100650812
100650809
100650872
100650271
100650131
100649795
100649794
100649675
100649993
100649994
100649989
100649991
100649992
100649998
100650000
100649996
100649997
100650002
100650001
100649859
100649723
100649933
100649916
100649915
100649710
100649868
100649588
100649108
100649103
100649155
100649333
100649153
100649068
100648771
100648822
100648144
100648143
100648146
100648147
100648152
100648154
100648153
100648177
100648374
100648121
100648117
100647922
100647994
100647594
100647587
100647528
100647553
100647569
100647517
100647568
100647571
100647573
100647574
100647570
100647579
100647577
100647578
100646879
100646800
100646975
100646974
100646958
100646847
100646883
100646197
100646199
100646203
100646198
100646204
100646200
100646202
100646427
100646520
100646034
100645780
100645743
100645306
100645307
100648689
100647589
100612707
100612719
100578481
100523270
100642726
100615213
100618835
100616257
100613089
100613088
100619394
100619513
100619793
100615684
100619583
100619698
100621014
100615683
100598859
100619519
100619624
100619451
100619473
100619382
100619817
100619905
100357517
100643776
100497217
100608486
100610635
100647529
100580984
100573000
100639363
100633102
100636549
100508744
100650426
100632754
100497947
100643627
100453602
100572379
100588093
100422988
100351184
100321383
100625945
100612410
100644936
100448173
100445089
100603398
100639202
100639149
100653389
100628232
100629557
100634897
100635173
100635208
100619291
100628133
100204967
100344606
100503394
100612986
100620949
100626831
100627796
100652622
100652658
100649385
100648092
100611694
100648761
100625367
100555124
100642786
100215234
100209659
100148715
100534989
100606976
100613141
100652624
100637310
100641661
100635197
100645454
100645161
100652225
100643135
100626368
100642102
100641396
100645459
100550776
100623301
100627319
100648141
100639374
100281359
100312662
100150452
100504127
100487364
100271394
100410302
100494142
100391013
100473267
100499047
100403731
100362699
100642545
100501943
100484945
100161312
100108903
100479131
100220595
100478345
100477626
100454076
100561472
100180146
100296229
100406515
100321449
100405847
100461231
100487981
100488319
100478790
100251773
100521956
100295823
100498777
100200398
100145343
100479099
100331907
100512677
100388795
100371779
100400219
100383500
100389537
100391959
100602201
100648690
100652108
100579605
100640538
100605695
100605699
100253588
100640606
100640970
100646421
100631355
100649059
100603744
100614696
100637420
100640953
100641260
100643449
100643742
100642713
100643601
100574929
100589119
100501440
100625827
100554039
100642162
100568173
100623019
100504917
100646482
100648127
100648263
100446011
100641329
100650709
100650607
100653010
100653588
100452652
100644931
100649071
100649084
100635928
100630977
100548619
100648105
100372034
100643465
100571506
100591490
100588256
100444456
100597232
100624617
100645633
100296528
100649136
100602609
100647368
100534430
100498974
100491477
100494332
100563929
100643315
100638602
100467281
100379244
100593909
100623249
100622120
100636197
100635687
100640566
100649932
100644965
100645107
100549140
100549193
100193138
100626645
100636628
100631789
100186727
100642542
100439030
100642164
100644344
100386717
100552804
100650395
100487710
100647326
100644281
100644167
100644230
100646042
100643991
100641717
100640685
100640202
100639023
100637595
100637064
100639152
100639688
100571150
100638902
100639199
100638698
100639043
100638748
100627330
100643908
100622563
100619959
100616086
100613256
100601966
100590609
100630256
100632697
100624370
100603877
100607823
100589234
100591922
100593095
100584850
100568828
100565655
100581999
100576778
100579798
100573373
100571452
100562053
100555981
100485273
100443557
100440508
100437740
100434285
100431284
100428887
100573864
100592268
100602478
100624894
100629988
100633347
100633892
100618756
100608999
100638331
100546824
100603307
100632116
100524831
100632367
100653411
100652421
100614171
100649387
100648863
100622106
100651564
100419585
100567553
100635894
100641652
100626764
100626390
100633684
100472833
100644273
100644972
100645143
100454196
100456918
100554323
100532855
100361967
100562909
100641758
100472745
100568506
100632234
100620050
100485699
100380253
100277646
100364346
100362391
100510476
100522492
100458487
100509563
100463421
100364274
100349119
100508490
100192980
100417123
100309305
100292367
100644144
100640650
100650611
100596316
100267114
100501383
100543173
100631160
100629461
100642415
100449983
100643504
100586966
100562179
100151425
100273471
100625636
100645093
100643250
100642878
100652731
100595627
100636261
100438224
100647614
100638656
100638676
100641469
100619589
100620007
100303904
100452443
100548499
100608128
100592587
100631878
100642537
100619425
100644119
100604684
100604938
100605199
100605266
100605302
100605900
100603397
100651379
100651313
100647954
100641388
100644628
100644629
100644632
100644607
100644606
100644634
100626540
100296860
100594874
100642448
100632451
100633425
100631802
100630161
100630960
100631442
100627318
100627324
100627326
100337863
100614809
100618257
100638111
100646909
100620464
100627234
100629525
100648748
100620138
100613693
100619354
100633095
100648911
100624605
100593196
100330257
100590598
100480068
100479270
100627337
100633786
100615341
100475251
100575193
100079266
100489223
100619241
100362913
100650343
100433587
100634398
100630445
100331650
100309903
100630097
100630779
100569111
100287332
100635278
100620495
100586662
100642199
100454052
100496477
100388823
100525921
100391357
100604563
100493415
100621658
100336520
100606655
100410422
100602964
100625193
100593556
100197742
100422677
100623704
100341697
100227342
100578291
100592466
100573683
100232373
100598807
100541980
100158197
100515961
100392848
100609561
100519621
100539696
100644585
100642690
100642669
100614305
100642671
100153902
100653822
100636460
100638217
100633101
100634053
100640213
100570531
100602251
100357831
100366142
100259173
100235759
100285588
100346344
100338984
100357833
100357834
100357835
100359164
100405438
100599415
100408121
100648524
100116539
100049675
100183751
100186935
100598226
100605921
100595566
100623284
100405439
100422423
100440650
100455533
100473278
100475496
100490793
100493669
100496401
100499378
100513375
100552575
100580471
100582092
100637734
100642997
100648224
100629899
100599935
100640383
100647189
100606950
100620959
100528666
100457460
100441641
100641374
100350730
100581316
100650546
100443870
100622155
100623159
100425431
100645433
100390056
100641186
100642101
100639606
100636070
100607474
100652265
100611668
100499371
100628477
100631095
100640651
100523220
100367089
100642387
100644112
100642412
100628664
100603797
100616142
100587842
100491270
100650850
100637372
100637437
100637757
100638622
100637789
100638286
100607211
100608554
100639076
100580458
100587740
100646350
100645660
100595508
100641626
100641810
100641913
100641959
100629320
100629902
100631057
100632017
100637161
100638120
100639488
100639973
100609466
100611058
100617433
100620973
100631713
100530373
100630466
100488750
100485347
100484528
100492655
100619730
100645825
100644928
100488785
100635947
100498071
100622970
100610197
100469428
100469926
100638302
100649140
100653421
100630283
100612333
100594269
100608336
100604432
100621441
100623724
100629561
100631885
100640287
100637525
100635220
100643377
100640623
100626344
100437720
100552689
100461386
100461319
100518711
100595775
100608137
100635870
100637347
100644346
100640809
100652862
100642941
100640271
100607974
100651989
100394069
100168797
100425348
100597589
100597601
100228236
100640875
100648924
100647869
100652795
100651621
100251694
100442165
100288629
100290438
100229371
100148357
100559276
100559551
100558890
100591839
100518563
100610695
100611149
100513129
100643990
100452786
100628883
100568063
100563621
100564475
100627888
100580796
100253996
100496480
100436838
100377181
100426850
100502548
100455851
100460092
100488452
100326926
100429266
100499043
100232352
100543368
100246624
100388614
100584033
100399352
100394698
100231806
100487527
100434263
100151629
100385650
100379805
100632188
100501645
100177259
100417231
100505091
100435062
100502656
100503400
100522019
100363923
100378680
100184106
100620702
100400556
100632019
100632335
100632531
100640751
100647367
100652078
100648160
100187654
100623045
100640183
100597225
100479425
100634056
100648261
100461233
100466637
100502953
100410967
100609968
100355910
100572975
100573544
100636818
100636831
100636760
100639241
100591542
100636870
100652786
100650609
100316548
100295321
100452523
100452851
100649591
100343519
100615236
100609123
100499034
100590629
100451867
100450556
100639658
100627117
100277735
100144206
100539778
100627483
100603423
100630764
100620325
100643779
100453073
100491406
100491566
100491287
100535514
100616656
100650173
100645512
100616073
100617654
100616121
100616069
100618834
100619591
100619625
100619206
100619829
100653493
100640762
100565405
100621632
100619134
100638537
100566490
100593768
100562533
100619426
100653070
100382419
100385273
100385318
100642523
100641492
100311828
100311811
100093053
100483249
100485730
100649665
100636913
100639146
100647325
100649580
100479410
100643727
100642613
100648328
100126189
100402449
100079260
100079449
100110686
100633322
100568164
100647393
100647390
100581998
100643427
100499406
100497503
100498439
100495783
100180204
100398568
100587633
100582628
100548083
100583469
100641725
100557901
100532870
100561985
100596144
100603132
100620521
100625509
100617677
100618925
100619813
100619018
100619576
100619842
100478858
100478846
100639470
100640644
100634847
100639779
100603803
100549580
100639998
100630254
100597831
100630395
100434659
100190536
100245245
100577196
100478483
100553518
100574167
100264551
100637571
100449335
100588310
100370295
100492516
100063606
100500592
100420196
100392825
100295345
100495256
100561392
100227926
100362561
100500069
100258567
100338956
100487949
100321441
100339737
100167015
100334245
100430439
100432556
100389795
100567487
100166448
100183880
100460881
100113292
100522095
100366753
100495756
100509056
100448882
100492828
100544514
100638662
100649527
100645615
100390134
100619536
100539081
100598053
100579060
100646619
100611680
100645610
100526304
100540215
100563241
100536402
100546432
100525626
100506283
100619469
100518853
100518852
100519527
100526635
100535888
100538794
100591217
100593698
100632329
100570784
100574942
100582794
100640864
100575104
100611712
100448890
100487609
100344829
100329824
100623082
100623016
100651182
100476381
100428536
100333902
100109948
100422434
100472589
100369121
100593791
100582910
100484296
100430790
100160890
100189004
100644780
100650072
100649871
100644351
100644190
100644347
100643162
100643170
100642759
100643001
100637881
100552233
100652654
100368160
100058971
100635885
100620203
100625963
100446972
100602695
100595612
100602499
100621933
100456452
100462296
100405566
100609591
100574001
100401659
100586838
100452391
100592753
100641232
100487072
100649408
100623108
100650551
100640734
100535511
100470666
100478036
100470170
100469856
100471254
100497938
100505326
100505500
100620612
100653252
100488561
100634751
100647777
100479895
100488931
100513740
100484720
100144077
100576239
100616967
100631163
100532544
100541908
100633860
100633877
100618310
100382423
100624818
100642735
100318710
100403292
100643884
100488795
100489299
100601442
100610076
100626543
100478407
100593700
100639094
100643281
100161455
100651735
100643137
100644274
100640509
100641146
100641434
100385932
100190469
100641599
100644930
100633685
100601746
100645249
100429131
100445090
100187843
100640663
100505983
100478130
100636771
100626774
100637467
100612326
100581568
100644697
100605793
100539223
100642916
100493189
100631353
100638132
100616723
100627418
100440913
100492848
100571215
100241350
100643200
100411380
100648510
100643050
100587934
100606873
100646895
100596570
100591372
100592703
100622496
100538064
100627331
100623111
100621095
100630831
100618398
100592818
100630454
100632364
100632345
100586795
100653291
100643343
100501664
100453155
100606914
100622805
100622585
100622589
100355420
100449384
100496442
100645681
100645688
100645713
100645659
100645674
100633958
100635693
100635741
100643016
100644534
100537752
100641409
100640556
100638481
100636001
100641002
100652470
100551944
100628866
100647100
100452848
100452529
100640791
100573621
100271414
100583327
100561814
100487708
100650785
100614499
100612479
100444675
100620604
100634044
100642116
100634976
100593917
100597878
100118849
100612252
100555032
100449311
100499007
100555029
100585318
100642804
100598886
100641074
100641631
100643478
100642949
100434920
100623244
100590220
100615418
100574060
100640682
100535625
100641397
100612867
100628992
100633233
100633294
100637905
100585207
100452584
100455534
100652294
100502400
100481001
100480925
100336076
100635864
100642714
100608424
100630199
100586292
100519517
100594547
100611126
100535887
100638719
100501836
100629187
100616450
100616678
100624392
100625370
100610877
100638727
100622193
100613454
100606755
100646921
100502103
100551062
100085873
100541988
100596070
100595669
100623044
100623047
100648129
100633875
100633812
100645687
100644249
100648416
100594464
100596938
100599156
100604178
100595883
100491299
100128451
100598837
100147799
100223079
100541468
100559053
100560051
100561759
100562285
100562946
100565615
100571354
100574474
100575136
100575613
100580136
100584977
100587623
100591209
100592060
100594446
100594441
100594686
100595618
100597315
100599007
100603057
100604454
100605500
100605513
100605572
100605634
100606019
100605869
100606029
100606524
100606813
100606959
100609691
100609716
100610604
100610936
100610851
100611127
100611185
100611258
100611260
100611586
100613029
100614685
100615165
100615817
100615965
100616517
100615775
100615634
100617412
100617520
100618474
100618528
100618571
100618994
100619130
100619272
100620481
100620827
100621229
100621383
100623420
100625181
100625487
100629699
100629875
100629887
100630048
100630209
100630686
100631771
100631773
100632119
100632323
100632932
100634836
100634982
100636722
100640528
100640630
100642697
100642809
100624484
100627542
100628559
100628565
100629991
100631194
100631602
100633164
100642167
100641985
100612963
100613277
100615414
100616842
100619522
100619984
100620476
100620632
100624268
100624945
100625376
100627017
100627026
100628720
100631963
100633979
100634041
100634437
100634194
100634198
100634445
100637997
100638453
100638983
100640547
100640756
100640764
100642007
100642638
100644767
100644833
100522288
100595969
100603530
100605882
100613960
100615181
100608205
100618140
100623327
100586804
100626739
100638743
100605762
100506033
100643664
100579280
100481787
100537014
100401777
100531720
100617779
100451048
100626597
100582686
100193797
100192128
100341817
100383785
100558503
100553780
100492771
100507842
100488900
100389191
100514806
100568683
100256301
100365190
100602093
100500137
100182434
100076526
100528025
100259335
100586028
100506869
100535523
100408644
100326491
100227074
100070043
100087442
100049903
100361319
100071060
100175043
100626339
100304373
100446001
100430557
100352692
100151171
100500332
100189777
100072493
100606614
100306283
100423984
100553994
100070667
100101483
100071071
100572084
100397149
100536216
100422515
100496217
100627071
100616979
100073411
100407558
100118876
100341726
100504368
100516877
100436109
100527257
100315676
100072327
100552766
100533513
100581686
100101800
100072202
100304431
100447490
100314891
100303484
100627287
100303286
100154049
100241326
100480964
100597247
100304310
100514185
100017383
100473340
100377440
100316037
100383133
100519537
100561556
100513806
100533163
100367991
100364270
100512668
100536842
100362960
100302480
100531784
100460391
100413047
100482230
100156121
100304332
100427336
100615229
100226475
100585761
100085007
100000166
100352420
100491165
100078005
100620796
100580209
100496262
100384867
100503049
100084861
100432138
100627240
100564679
100631787
100473063
100491042
100475401
100605136
100311818
100144554
100486170
100499234
100082929
100362754
100227931
100218864
100616526
100129799
100342675
100589463
100153743
100502341
100067820
100593225
100134731
100237619
100555657
100573773
100532102
100372883
100486307
100095319
100452201
100515894
100586571
100174944
100269754
100593508
100294024
100342877
100302484
100290464
100417128
100153736
100518120
100118419
100441884
100531830
100484776
100493173
100564967
100224846
100340901
100591495
100286653
100396674
100532152
100579642
100360325
100084642
100331346
100279755
100284122
100521131
100455143
100427640
100381929
100510865
100170726
100631507
100434486
100389116
100159750
100621487
100649451
100575221
100615706
100630351
100622169
100632351
100499837